1849 1940 1824 1789 1971 2021 2424 1970 2044 2107 2138 2117 1925 2251 2011 2036 2234 1958 2105 2004 2202 2084 1780 1966 2448 2153 2130 1836 2116 2176 1839 2493 1951 2296 1916 2298 2205 2069 2291 2070 1765 2108 2044 2221 1973 2286 2097 1918 2046 2020 2034 2071 2064 2311 2121 2304 2263 2142 1971 2180 1958 1727 2226 2070 2154 2089 2186 1840 2119 1899 2035 2123 2192 2057 2247 2013 2171 1788 2001 1855 2128 1911 2088 1899 2313 2176 1761 2081 1848 2153 2208 1756 2188 1941 1917 2103 2246 2171 2094 2139 
1951 2161 2106 1997 2136 2343 2523 2075 2212 2053 2305 2260 2155 2418 1932 2374 2364 1903 2330 1993 2352 2350 1808 2218 2680 2218 2515 1986 2156 2229 1849 2546 2217 2492 2127 2431 2346 2307 2266 2227 2009 2186 2194 2516 1849 2358 2259 2130 2108 2129 2236 1951 1989 2390 2285 2148 2472 2201 1862 2219 2144 1877 2261 2105 2182 2383 2344 2102 2159 2010 2166 2139 2230 2276 2153 2286 2339 2061 1957 2078 2271 2163 2185 2042 2195 2242 1957 2181 1910 2253 2333 1947 2249 1937 1915 2231 2213 2112 2202 2229 
1871 2302 2062 2017 2101 2448 2497 2034 2185 2078 2158 2158 2045 2452 2112 2260 2363 1946 2170 2107 2305 2306 1863 2015 2437 2272 2420 2038 2166 2330 1967 2480 2018 2397 2071 2517 2260 2302 2199 2156 2077 2187 2111 2270 1869 2336 2137 1958 2070 2122 2368 2041 2055 2223 2199 2242 2393 2050 2130 2348 2152 1997 2277 2118 2206 2258 2205 2122 2223 2058 2281 2208 2175 2223 2307 2233 2261 1920 2121 2071 2247 2113 2123 2016 2122 2234 1758 2210 1942 2410 2238 1968 2415 1993 1952 2201 2096 2272 2177 1935 
1912 1983 2001 1810 1965 2053 2281 1842 1789 2068 2089 2138 1825 1987 1889 2122 2123 1728 2062 1878 2059 2118 1760 1918 2402 2117 2120 1970 1850 2044 1805 2264 1880 2108 1917 2240 2137 2039 2201 1936 1871 2267 2032 2050 1828 2178 2156 1868 1965 2107 2086 1871 1910 2036 2083 2205 2156 2145 1758 2199 1776 1780 2089 2072 2027 2068 2168 1896 1803 1944 2072 2038 2050 2123 2129 2129 2240 1891 1969 1844 2249 1950 2064 1971 2285 2073 1767 1931 1804 2162 2044 1594 2099 2042 1682 2125 2177 1931 1861 1921 
1733 1921 1846 1888 2008 2179 2199 1853 1962 2081 2067 1984 1895 2127 1872 1965 2267 1682 1843 1891 2214 2044 1717 1938 2331 2068 2130 1736 1771 2035 1807 2121 2009 1998 2040 2201 1992 2071 2036 1967 1813 1833 1943 2203 1668 2227 2024 1968 1921 1883 2128 2083 1933 2225 1858 2034 2260 2098 1710 2046 2118 1797 2042 1985 1810 2101 2024 1957 2032 1810 2115 2132 1928 2056 2167 1984 1961 1798 1791 1795 2026 1891 2025 1933 1961 2227 1839 2126 1643 2097 2119 1728 2007 1896 1907 2040 2032 2087 2059 2006 
1819 1797 1787 1736 1981 2108 2306 1778 1970 1959 1992 1975 1837 2240 1761 2085 2040 1835 1981 1837 1985 2088 1733 1898 2201 2055 2117 1912 1806 2077 1801 2181 1818 2069 1899 2282 1885 2094 2051 2049 1857 1947 1765 2052 1796 2032 1872 1761 1805 2003 2047 1968 1696 1940 2001 2004 2142 1916 1712 1975 1805 1818 1918 1900 2088 2045 1952 1927 1965 1746 1939 1928 1939 1924 1958 2017 2038 1732 1795 1932 2020 1741 1863 1863 1836 1986 1713 2009 1636 2000 1950 1763 2104 1776 1662 2104 1913 1902 2090 1870 
1841 2369 2103 1799 2130 2398 2399 2047 2027 2136 2254 2162 2106 2512 2216 2362 2420 1832 2348 1955 2352 2438 1937 2184 2539 2315 2376 2032 2137 2164 1966 2474 1986 2494 2323 2381 2246 2247 2473 2153 2131 2320 2152 2359 1957 2363 2339 2017 1890 2253 2296 1979 2125 2280 2251 2219 2331 2216 1907 2397 2129 2078 2204 2189 2351 2404 2325 2127 2144 1963 2239 2188 2324 2168 2385 2195 2429 2018 1854 1966 2327 2126 2309 1962 2285 1989 1981 2263 1977 2210 2371 2006 2430 2127 1960 2304 2189 2207 2252 2052 
1953 2120 1973 2081 2045 2293 2376 1932 2008 2372 2253 2080 2054 2211 2026 2278 2345 1929 2029 1936 2296 2104 1872 1855 2613 2220 2069 1957 2048 2273 1889 2262 2003 2285 2107 2552 2245 2159 2271 2191 2027 2181 2007 2237 1899 2385 2038 1801 2114 2109 2308 2012 2058 2267 2087 2160 2292 2248 1856 2308 2088 2032 2170 2091 2018 2098 2268 2033 1982 2087 2129 2175 2132 2197 2299 2260 2226 1815 1864 2086 2307 1994 2075 2028 2210 2457 1879 2020 1983 2253 2234 1807 2186 1993 1925 2243 2140 2189 2217 2311 
1968 2269 2069 1919 2057 2270 2419 2090 2065 2105 2104 2138 2062 2439 2083 2269 2268 1990 2089 1910 2249 2383 1794 2162 2506 2197 2472 2154 2206 2130 1831 2463 2116 2520 2068 2359 2331 2312 2279 2254 1997 2167 2148 2329 1926 2383 2303 2076 2045 1998 2301 2086 1971 2324 2029 2323 2418 2177 1934 2183 2198 1943 2281 2089 2186 2216 2309 1949 2075 1941 2322 2125 2136 2224 2246 2230 2316 2059 2051 1936 2156 2042 2122 2071 2115 2146 1923 2192 1806 2300 2355 2048 2347 2037 1895 2427 2272 2197 2119 2099 
1961 2178 2124 1937 2149 2331 2463 2132 2182 2182 2099 2356 2079 2457 2005 2238 2401 1823 2206 1886 2158 2239 1914 2042 2640 2335 2297 2076 1970 2217 2009 2316 1896 2259 2003 2508 2154 2345 2291 2120 2164 2259 2131 2202 1989 2210 2139 2006 1927 2211 2325 2124 2076 2314 1988 2156 2260 2126 1890 2282 2116 2046 2176 2140 2294 2126 2084 2005 2113 1975 2283 2265 2244 2077 2139 2028 2119 1974 1829 2017 2336 2035 2236 2059 2069 2234 1935 2253 1889 2116 2142 1946 2295 1916 1905 2251 2253 2186 2261 2105 
1813 2006 1945 1842 2087 2159 2405 2058 2047 2065 2218 2098 1903 2410 2132 2084 2198 1871 2049 2008 2103 2137 1821 1989 2442 2173 2159 1803 1906 2154 1845 2154 1848 2363 1986 2236 2125 2302 2111 1913 1912 2094 2006 2240 1832 2321 2170 1818 1882 2155 2251 1888 2136 2230 2035 2378 2306 2179 1869 2216 1985 1843 2396 2119 2133 2155 2019 1947 2044 2124 2110 2179 2124 2068 2310 2071 2231 1716 2084 1870 2173 1878 2141 1996 2252 2376 1829 2151 1992 2205 2296 1833 2128 1893 1838 2106 2052 2119 2088 2063 
1644 1887 1678 1749 1864 1930 2195 1898 1872 1826 1894 1732 1708 2090 1963 2088 2038 1560 1887 1856 2135 1810 1691 1838 2192 1948 2014 1813 1892 2025 1484 2084 1893 2047 1700 2058 1946 2047 2087 1968 1756 1868 1811 2005 1698 2132 1842 1748 1748 1789 1977 1784 1747 2032 1659 2039 2083 1878 1695 2034 1883 1710 1874 1790 1876 1989 2127 1692 1748 1662 2092 1922 1868 1932 1858 1915 1920 1803 1759 1758 1825 1779 1849 1942 1925 2003 1585 1835 1635 2109 2115 1653 2106 1834 1739 1912 1811 1924 1901 1768 
1888 2007 2075 1892 2015 2157 2354 1939 2051 2120 2157 2040 1945 2229 1930 2158 2224 1777 2151 1884 2047 2112 1815 2016 2460 2061 2187 1782 2181 2037 1797 2298 1970 2214 1912 2300 2075 2089 2306 2014 1954 1998 1750 2202 1615 2165 1929 1765 1882 2016 2089 1789 1956 2222 2013 2172 2417 2107 1801 2225 1909 1817 2069 1942 1992 2175 1986 1953 2003 1991 2009 2185 2126 2079 2164 2058 2073 1819 1934 2139 2268 1927 2134 1911 2096 2119 1910 2061 2041 1998 2110 1790 2158 1879 1755 2291 1993 2106 2033 2064 
1602 1856 1808 1689 1892 1998 1946 1721 1687 2030 2168 1824 1678 2132 1818 1958 1997 1725 1867 1959 2143 2061 1681 1872 2333 1992 2029 1841 1816 1930 1654 1944 1853 1998 1837 2217 1856 1870 2037 2014 1748 2044 1805 1973 1643 2326 2040 1781 1788 1910 1924 1908 1799 2033 1680 2095 1967 1919 1675 1986 1819 1766 1858 1877 1916 1937 2039 1852 1783 1878 2053 1979 1970 1728 2037 2118 1995 1627 1769 1807 1975 1704 1826 1840 1867 1981 1779 1937 1661 1949 2026 1750 2009 1777 1668 1981 1724 1969 2052 1987 
1707 2080 1895 1910 1911 2168 2221 1870 1954 2262 2132 2049 1969 2076 2006 2316 2155 1745 2073 1859 2208 2024 1853 1963 2488 2126 2234 1915 2013 2024 1738 2349 1794 2225 1990 2278 2136 2140 2197 2076 1865 2106 1975 2183 1835 2288 2265 1713 2056 1985 2207 1961 1762 2055 2116 2062 2243 2159 1784 2119 1909 1865 1987 2154 1963 1967 2223 1884 1900 1949 2071 2039 2169 1902 2090 2082 2147 1985 1900 1992 2285 1916 2007 1935 2101 2107 1802 1935 1747 2088 2216 1721 2164 1956 1760 2153 1935 1951 2049 1911 
1804 1982 1909 1997 1780 2239 2318 1914 1946 2055 2053 2177 1941 2215 2011 2131 2189 1624 2039 1827 2112 2106 1784 2136 2432 2048 2159 1972 1955 2177 1615 2233 1807 2154 1868 2228 2046 2033 2181 1962 1982 2159 1673 2065 1976 2054 1990 1792 1819 1915 2082 1863 1748 2350 2001 2178 2165 2074 1886 2178 2060 1833 2098 2020 1975 2074 2117 1766 1878 1963 1947 2082 2022 2035 2154 1971 2231 1958 1854 1808 2175 1777 2110 1931 2160 2029 1848 1861 1882 2147 2317 1697 2134 1951 1832 2258 2078 2130 1935 1994 
1919 2171 2059 2053 2043 2368 2346 1891 1878 2218 2205 2145 1940 2361 2164 2260 2279 1832 2231 1899 2206 2253 1956 1823 2396 2332 2341 1929 2160 2263 1967 2297 2067 2226 2176 2411 2079 2166 2263 2084 1926 2200 1958 2274 1861 2518 2233 1735 1967 2125 2338 2032 2002 2099 2148 2186 2238 2167 1916 2373 1975 1891 2150 2179 2085 2239 2234 2050 1977 2145 2148 2091 2215 2060 2268 2149 2194 1820 1998 1978 2206 1990 2128 2048 2146 2211 1867 2286 1922 2116 2208 1895 2193 1880 1759 2223 2032 2195 2325 1959 
1710 2039 1570 1757 1941 2144 2178 1847 1739 2155 2011 1797 1857 2175 1885 2091 2200 1787 2042 1859 2152 2221 1715 2170 2305 2013 2026 2001 2005 2103 1663 2203 1928 2140 1947 2169 2201 2143 2129 1992 1818 2004 1962 2212 1753 2251 2250 1946 2082 1865 2161 2001 1861 2073 1990 2065 2047 2174 1749 2128 1981 1758 2166 2066 2056 2074 2138 2064 1864 1774 2144 1926 1917 1950 1970 2011 2039 1870 1953 1885 2070 1846 1975 2023 2222 2047 1772 1865 1869 2081 2203 1859 1958 1985 1761 2074 1840 2082 1973 2035 
1496 2003 1809 1628 1724 2135 2010 1648 1718 1913 1872 1825 1600 1987 1760 1847 2049 1638 1848 1668 1958 1887 1684 1630 2106 1997 2160 1543 1751 1850 1542 1903 1774 1925 1877 2012 1807 1892 1939 1728 1706 1781 1870 1922 1583 1946 1955 1805 1606 1752 1971 1659 1759 1855 1727 1894 2009 1908 1490 1876 1741 1725 1718 1780 1892 1810 1929 1842 1636 1803 1878 2106 1951 1718 1908 1739 1967 1550 1521 1631 1871 1724 1830 1686 1792 1805 1582 1874 1649 1761 1886 1797 2025 1675 1584 1691 1713 1885 1823 1737 
1797 2275 1979 1733 2040 2276 2355 1908 1981 2064 2101 2083 1918 2291 1943 2165 2257 1798 2015 1866 2254 2083 1904 1857 2352 2141 2184 2094 2002 2084 1803 2388 2069 2286 2060 2310 2152 2187 2301 2079 2007 2137 2075 2193 1861 2236 2179 2086 2136 1978 2392 2065 2022 2155 2108 2143 2276 2134 1828 2109 1973 1920 2177 2059 2127 2140 2259 2019 1916 1817 2117 2195 2138 2247 2149 2001 2314 1874 1922 1936 2191 2133 2221 2001 2063 2131 1821 2254 1821 2145 2203 1964 2135 1964 1790 2168 2076 2167 2168 2106 
1889 2179 1877 1941 2272 2382 2349 1997 2017 2326 2246 2102 2012 2550 2071 2321 2326 1962 2165 2155 2504 2330 1801 2148 2634 2276 2195 2076 2111 2377 2046 2418 2015 2368 2103 2468 2311 2242 2211 2090 1979 2287 2078 2296 2049 2437 2359 2091 2105 2210 2346 2038 2025 2434 2155 2379 2333 2311 1929 2340 2161 2017 2445 2227 2183 2235 2369 1961 2133 2151 2238 2120 2122 2169 2311 2217 2297 2008 2145 1934 2234 2009 2123 2164 2284 2309 1962 2097 1941 2358 2347 1958 2275 2082 2026 2358 2171 2225 2185 2212 
1708 1936 1952 1888 2120 2085 2203 2009 1916 1923 2107 2108 1829 2257 1947 2124 2295 1825 2027 1810 2060 1966 1830 1977 2278 2119 2320 1835 1907 2128 1687 2180 1963 2146 1907 2140 2021 2040 2254 2024 1850 2052 1804 2073 1727 2346 2122 1903 1761 2053 2063 1899 1870 2157 1878 2061 2242 2104 1854 2127 2000 1893 2039 1926 2115 2108 2011 1994 1873 1939 2031 2119 2101 1958 2107 2045 2248 1746 1891 1972 2072 2013 2076 1992 2079 2205 1646 1989 1832 2124 2234 1713 2106 1793 1796 2178 1939 2047 2123 2061 
1997 2274 1870 2043 2178 2427 2496 2029 1989 2484 2154 2015 1985 2560 2066 2344 2393 1776 2149 2021 2473 2355 1969 2174 2679 2311 2323 2012 2123 2308 1867 2410 2030 2390 2118 2405 2207 2291 2430 2152 2032 2253 2005 2381 2029 2424 2519 2099 1952 2136 2397 1975 2120 2360 2222 2311 2267 2462 1913 2495 2201 2165 2253 2244 2239 2248 2376 2105 2215 2135 2292 2248 2306 2094 2344 2321 2377 2065 2046 2035 2402 2111 2097 2158 2265 2276 1902 2197 2129 2445 2516 2045 2217 2178 2025 2401 2234 2194 2061 1983 
1626 2017 1968 1920 1986 2170 2222 1997 2033 1923 2150 2152 1975 2267 1989 2124 2180 1907 1934 1862 2014 2096 1672 1863 2329 2078 2282 1800 1959 2118 1831 2382 1983 2315 2060 2263 2078 2070 2182 2013 1864 2099 1891 2257 1764 2271 1997 1809 1864 2017 2107 1870 2096 2113 2042 2255 2278 2134 1784 2002 1852 1622 2156 2044 1973 2116 1905 1941 1939 1836 2029 2005 2127 1920 2160 2146 2155 1704 1930 1870 2082 1946 2188 1901 2051 2083 1644 2147 1854 2130 2149 1769 2162 1838 1876 2147 1873 2188 2137 2005 
1796 1951 1823 1687 1920 2099 2230 1831 1783 1977 1932 1785 1885 2259 1977 2216 2212 1968 2029 1797 1994 2116 1634 1860 2214 2000 2144 1944 1980 2098 1795 2090 1930 2075 1894 2182 2067 2068 2089 2209 1898 2001 1899 2169 1731 2184 2091 1852 1844 1944 2212 1884 1927 2046 1839 2071 2129 1883 1754 2213 1966 1853 2055 1950 2200 1983 2104 1879 1779 1814 2132 1950 2030 1808 2005 1873 2039 1766 1948 1772 1863 1867 1968 2070 2036 1862 1803 1871 1650 2154 2330 1899 2119 1961 1690 2144 1935 2079 2072 1953 
1738 2206 1882 1814 1992 2138 2212 1833 1901 1964 2144 2083 1792 2130 1827 2188 2325 1837 1904 1876 2155 2224 1762 1926 2387 2095 2336 1786 1880 2149 1673 2229 1863 2288 1949 2307 2025 2149 2170 1919 1742 1955 2140 2175 1828 2115 2049 1905 1860 1998 2220 1860 1857 2163 2104 2143 2216 2122 1668 2013 1913 1807 2006 2026 1962 2147 1987 2130 1939 1839 2139 2007 2095 2096 2164 2051 2248 1666 1812 1948 1963 2055 2042 1961 2105 1987 1694 2056 1917 2047 2038 1706 2242 1876 1896 2058 2116 1968 2128 2014 
1744 1871 1942 1838 1895 2126 2256 1821 1922 1950 1972 2027 1893 2260 1835 2060 2113 1637 2090 1884 2135 1973 1718 2000 2252 2030 2110 1833 1998 1928 1787 2241 1986 2025 1815 2251 1927 1934 1929 1870 1748 2057 1818 2127 1673 2131 1798 1685 1789 1909 1938 1858 1767 2123 1909 2041 2207 1935 1675 2129 1903 1799 2079 1924 2013 2075 2116 1804 2060 1944 1939 2030 1994 1976 2082 1976 1981 1738 1795 1916 2081 1905 2032 1865 2007 2054 1755 1933 1822 2039 1949 1544 2096 1794 1687 2041 2018 2045 2029 1951 
1760 2101 1914 1860 2041 2149 2326 1911 1762 2080 2195 2056 1805 2259 1728 1985 2043 1919 2095 1895 2112 2293 1756 2091 2427 2084 2374 2042 1935 2121 1685 2242 1899 2287 1967 2334 2157 2274 2199 1988 1950 2009 2030 2202 1658 2298 2320 1976 1937 1863 2319 1923 2099 2228 1983 2158 2270 2149 1853 2269 2075 1993 2204 2045 2113 2030 2069 2191 1966 1958 2164 2050 2029 2196 2212 2126 2080 2024 1940 1819 2197 2057 2004 1858 2056 2293 1756 1987 1834 2065 2256 2021 2193 1949 1780 2371 2074 2232 2221 1825 
1877 2101 2117 1993 2116 2259 2489 1994 2093 2006 2205 2185 1929 2344 2241 2266 2351 1913 2058 1930 2330 2286 1942 2053 2437 2281 2374 1903 2108 2088 1887 2312 2020 2360 1952 2314 2191 2141 2326 2052 1866 2009 2097 2192 2024 2309 2013 1895 1924 2001 2176 1930 2134 2345 2020 2261 2277 2193 1917 2294 2035 1976 2192 2200 2189 2235 2123 2134 1997 2027 2212 2302 2178 2254 2315 2200 2270 1843 1946 1927 2195 2004 2196 2033 2101 2262 2073 2265 1874 2414 2344 1829 2305 1884 1746 2336 2130 2231 2161 2057 
1842 2081 1857 1839 2042 2222 2206 2066 1947 2149 2191 1980 2030 2256 1929 2134 2248 1898 2134 1750 2100 1979 1793 2122 2381 2185 2284 1921 1962 2180 1695 2326 1972 2193 1964 2370 2055 2217 2304 2107 1956 2044 1809 2202 1815 2337 2204 2038 1866 1944 2248 2060 1855 2239 1920 2231 2258 2074 1919 2255 2113 1887 2117 1860 2101 2036 2127 2013 1970 2007 2287 2021 2114 2099 2187 1998 2074 1972 1851 1773 2235 2073 2193 2007 2125 2188 1734 2057 1844 2222 2195 1799 2220 2088 1858 2105 2054 2177 2101 1933 
1858 1931 1945 1800 1888 2194 2275 1908 1783 2096 2077 1963 1794 2082 1894 2112 2144 1820 1842 1789 1795 2023 1646 1960 2283 2048 2184 1905 2031 1958 1630 2118 1982 2083 1899 2201 2019 2015 2139 2028 1983 2042 1912 2086 1732 2205 2138 1845 1862 1878 2215 1842 1802 2030 1934 2128 2217 2075 1618 2019 1954 1786 2046 2000 1905 1926 2053 1925 1785 1837 2077 2063 2136 1846 2064 2072 2118 1730 1977 1883 2110 1962 1991 1894 2071 2021 1715 1792 1726 1803 2182 1788 2138 1936 1669 2141 1946 2014 1940 1979 
1711 1918 1789 1871 1886 2187 2200 1875 1949 2006 2043 1873 1899 2194 1747 2225 2198 1696 2022 1879 2253 2080 1639 2005 2327 2026 2029 1874 2108 2173 1715 2124 1750 2241 1695 2167 2066 1921 1894 2110 1792 1833 1772 2107 1750 2129 1831 1870 1841 1853 2124 1886 1776 2215 1861 2085 2089 1881 1796 2129 1885 1776 2198 1879 2178 2007 2032 1665 1926 1875 2077 1983 2085 1977 2008 1946 1987 1842 1914 1790 1919 1696 1879 1959 1919 2065 1836 1797 1693 2180 2330 1636 2030 1976 1884 2104 1945 1918 2014 1882 
1788 1977 1879 1785 1823 2124 2153 1733 1952 1866 1940 1939 1802 2103 1916 1989 2232 1651 1922 1784 2163 2058 1668 1996 2213 2031 2132 1714 1843 2151 1739 2110 1764 2110 1786 1951 1894 1919 1900 1990 1705 1812 1778 1983 1793 2120 1852 1697 1762 1702 1878 1785 1819 2073 1960 1995 2153 1828 1803 2019 1967 1634 2101 1998 1977 2049 1818 1798 1933 1954 1969 1960 1984 1973 2006 1858 2031 1698 1874 1652 1973 1735 1938 1860 1805 2054 1839 1942 1625 2015 2315 1699 1974 1704 1736 1961 1977 1967 1907 1860 
1891 2083 2053 1870 1987 2084 2242 1776 2011 2086 2181 2102 1904 2191 1967 2288 2327 1731 2114 1839 2230 2266 1886 2103 2524 2323 2424 1837 2092 2216 1883 2320 1980 2294 1982 2309 2160 2190 2278 2145 1880 2098 1989 2111 1911 2337 2159 1799 1900 1995 2194 1843 2008 2047 2206 1975 2300 2229 1816 2290 2016 1962 2123 2203 2093 2023 2086 2089 1878 2053 2129 1999 2133 2046 2147 2161 2190 1797 1871 2110 2299 2073 2066 1832 2009 2098 1948 2094 2021 2084 2293 1883 2087 1909 1688 2319 1950 2033 2131 1889 
1970 2108 2074 1950 2045 2424 2425 2022 1941 2399 2265 2070 1919 2321 2026 2246 2136 1970 2217 2010 2387 2344 1952 2055 2592 2216 2320 1990 2100 2239 1914 2256 1914 2310 2245 2628 2283 2224 2304 2125 2020 2284 2011 2423 1870 2380 2305 2030 1984 2139 2524 2034 2127 2330 2114 2264 2378 2278 1941 2397 2044 2082 2237 2152 2176 2184 2256 2269 2037 2148 2164 2172 2211 2075 2357 2165 2217 1844 1987 1902 2302 2007 2274 2041 2279 2250 2034 2119 2071 2341 2498 1955 2248 2152 1897 2250 2122 2116 2193 2169 
1807 2095 2038 2121 1975 2293 2261 1988 1949 2176 2208 2168 2047 2325 2047 2274 2194 1929 2029 1856 2220 2223 1689 2006 2399 2318 2293 1960 1972 2224 1789 2153 1917 2263 2036 2286 2199 2197 2222 2186 1916 2184 1850 2262 1824 2348 2217 1972 2011 1978 2260 1969 1936 2377 2121 2276 2348 2201 1863 1986 2032 2008 2135 2046 2004 2088 2186 1904 1929 2030 2055 2166 2147 1941 2253 2112 2212 1983 1919 1737 2155 2010 2185 1909 2260 2231 1866 2009 1983 2262 2307 1958 2211 2081 1809 2288 2215 2245 1990 2145 
1822 2171 1966 1881 2148 2226 2426 1937 2001 2227 2226 2060 1914 2360 1941 2288 2295 1862 2159 1836 2182 2205 1841 1996 2445 2228 2294 1903 2059 2292 1720 2243 2013 2180 1958 2258 2060 2103 2363 2061 2010 2068 2006 2168 1747 2304 2116 1881 1914 1978 2365 1980 2028 2247 2040 2209 2416 2224 1868 2190 2098 1908 2138 2008 2222 2129 1984 1875 2009 2025 2181 2212 2277 1936 2246 2058 2311 1951 1879 1812 2190 2112 2179 1982 2168 2181 1785 2085 1878 2090 2345 1923 2150 2020 1703 2307 2050 2258 2159 1943 
1732 1984 1871 1854 1669 2001 2259 1646 1910 2052 1978 1915 1874 2166 1858 1912 2075 1647 2143 1846 2183 2067 1688 1854 2300 2071 2075 1792 1891 1918 1626 2104 1775 2104 1907 2019 2045 2019 2081 1881 1669 1903 1763 1996 1821 2107 2086 1725 1876 1814 2078 1801 2028 2172 2040 2090 2217 2074 1711 1992 1977 1693 2017 2036 1861 1961 2062 1874 1890 1908 2041 2030 1934 1889 1978 1872 2254 1716 1789 1812 2116 1772 1967 1719 2125 1882 1864 1838 1933 1997 2299 1809 1941 1770 1701 2131 2012 2054 1920 1914 
1807 1944 2002 1873 1913 1969 2298 1955 2012 1921 2081 2125 2093 2119 1920 2082 2154 1801 2008 1733 1897 1996 1705 1834 2289 2072 2180 1975 1855 2095 1745 2298 1834 2128 1801 2341 2039 2223 2265 2066 2141 2076 1917 2021 1787 2076 2003 1795 1877 1937 2180 1931 1903 2048 1925 2080 2249 1953 1774 2123 1899 1920 2154 1841 1973 2005 2110 1809 1816 1788 1995 2046 2098 2121 1970 2054 2004 1854 1901 2032 2294 1946 2114 1999 2093 2148 1751 1991 1966 2036 2067 1809 2215 1980 1598 2179 1926 2061 1951 2049 
1850 2205 2093 1868 2007 2047 2357 1870 2017 2038 2125 2094 1923 2419 1961 2125 2257 1759 2114 1949 2252 2076 1806 1995 2502 2210 2231 1856 1879 2098 1837 2224 2049 2212 2001 2336 2104 1991 2124 2126 2003 2053 1962 2169 1920 2370 2128 1887 1868 2209 2099 1918 1916 2296 2052 2201 2316 2051 1839 2299 2016 2023 2061 1918 2058 2062 2204 1829 2074 2042 2044 2070 2012 2025 2228 2208 2098 1774 1838 1980 2145 1910 1957 1949 2126 2340 1791 2076 1815 2064 2108 1820 2263 1967 1747 2270 2003 2113 2090 1930 
2133 2310 2101 1991 2233 2435 2491 2297 2222 2201 2358 2221 2173 2480 2201 2439 2541 1960 2302 2156 2427 2292 2070 2298 2712 2429 2607 2101 2191 2330 1832 2450 2140 2322 2167 2685 2213 2441 2484 2267 2152 2232 2245 2388 2112 2478 2425 2166 2203 2183 2427 2026 1858 2502 2293 2401 2560 2318 2137 2373 2359 1994 2399 2237 2192 2457 2301 2406 1980 2201 2402 2239 2259 2273 2383 2247 2353 1987 2207 2321 2386 2185 2294 2278 2347 2474 2018 2297 2140 2427 2527 2058 2407 1933 1937 2336 2185 2322 2441 2260 
1923 2260 1964 1766 2165 2198 2340 1971 2059 2017 2153 1908 1924 2347 1969 2155 2304 1865 2087 1847 2259 2177 1757 2089 2438 2024 2402 1885 2193 2068 1756 2386 1975 2255 1892 2272 2152 2080 2231 1959 1830 2045 2099 2312 1767 2299 2167 1908 2084 2145 2198 1839 1861 2321 2079 2177 2490 2122 1946 2120 2118 2000 2174 2047 2195 2061 2041 1933 2099 2063 2165 2096 2068 2141 2156 2031 2148 1790 1879 2035 2212 2053 2249 1866 2095 2158 1805 2083 1819 2135 2301 1886 2185 1905 1717 2254 1907 2093 1967 2077 
1956 2292 2090 2074 2310 2527 2491 2340 2053 2395 2264 2251 2078 2519 2038 2305 2495 2024 2174 2052 2433 2281 2024 2249 2639 2425 2337 2174 2151 2367 2031 2350 2069 2391 2305 2555 2431 2465 2321 2376 2245 2286 2107 2431 1913 2384 2341 2284 2203 2286 2478 2248 2173 2526 2198 2403 2550 2280 2011 2422 2324 2076 2427 2242 2290 2247 2387 2078 2202 2091 2301 2393 2151 2172 2325 2244 2271 2045 2176 2100 2312 2096 2354 2147 2368 2498 1989 2069 1984 2335 2476 1937 2270 2142 2029 2409 2199 2418 2316 2384 
1886 1997 1845 1971 2013 2188 2311 1846 1879 2086 2068 1948 1815 2092 1994 2189 2230 1731 2084 1882 2221 2199 1847 1962 2399 1983 2193 1857 1980 2039 1819 2117 1875 2168 1882 2317 2090 2078 2160 1990 1943 2194 1940 2180 1938 2406 2030 1653 1744 1913 2211 1883 1997 2105 1812 2112 2139 2129 1779 2322 1945 1888 2061 2161 2007 2066 2046 1946 2010 2124 2124 1981 2034 2053 2150 2167 2273 1712 1788 2036 2296 1842 2232 1989 1988 2343 1922 2102 1957 2127 2313 1850 2114 1926 1772 2059 1884 1996 2021 2014 
1848 2238 1980 1918 2290 2215 2633 2032 2160 2262 2348 2188 2110 2479 2043 2342 2489 1885 2204 2042 2491 2443 1939 2079 2495 2276 2359 1978 1975 2232 1836 2482 2278 2319 2100 2456 2100 2179 2333 2204 2094 2287 2136 2337 1956 2451 2206 2151 2003 2170 2285 2113 2176 2463 2099 2342 2422 2480 1806 2195 2169 2002 2271 2072 2292 2347 2320 2068 2194 2034 2256 2169 2439 2150 2319 2308 2325 2012 1956 2135 2240 2201 2198 2094 2384 2372 2009 2231 1842 2238 2465 1960 2389 2113 1927 2369 2135 2329 2229 2128 
1709 1577 1679 1626 1779 1922 2142 1861 1774 1786 1948 1666 1745 2056 1729 2045 2085 1536 1744 1678 1953 1848 1520 1948 2023 1821 1975 1688 1837 1849 1444 2018 1852 1973 1857 2053 1927 1773 2049 1893 1766 2001 1594 1970 1684 2110 1902 1728 1540 1795 1951 1677 1669 2020 1742 1900 1972 1918 1669 1975 1692 1817 1873 1638 1852 2068 1890 1715 1715 1791 1827 1608 1895 1728 1947 1978 1927 1653 1818 1677 1802 1631 1826 1697 1769 1908 1794 1868 1654 1919 2091 1616 1750 1692 1702 1992 1697 1804 1850 1875 
2044 2362 2301 2272 2360 2540 2837 2301 2381 2503 2579 2377 2362 2678 2348 2501 2664 2049 2367 2116 2550 2605 2221 2385 2739 2428 2748 2213 2255 2637 1935 2659 2382 2554 2406 2667 2598 2498 2612 2416 2342 2391 2275 2491 2237 2715 2559 2337 2454 2339 2568 2387 2374 2365 2370 2388 2674 2704 2221 2594 2441 2283 2656 2279 2441 2743 2517 2394 2421 2385 2434 2391 2360 2403 2608 2500 2453 2227 2204 2262 2639 2229 2296 2243 2498 2525 2215 2333 2216 2490 2626 2143 2369 2290 2068 2433 2349 2493 2403 2472 
2025 2285 1966 2157 2209 2474 2655 2121 2194 2202 2378 2176 2037 2471 2047 2530 2541 2040 2384 2222 2524 2402 1842 2271 2694 2380 2473 2126 2297 2519 1891 2609 2121 2420 2162 2421 2351 2367 2319 2353 1981 2280 2264 2524 2132 2475 2254 2059 2222 2027 2379 2074 2180 2386 2272 2281 2481 2362 1940 2482 2306 2175 2404 2195 2267 2392 2426 2300 2089 2273 2346 2182 2538 2470 2245 2289 2611 1915 2071 2125 2406 2117 2320 2187 2196 2324 2134 2197 2195 2446 2831 2124 2272 2006 2124 2323 2220 2428 2375 2282 
1744 1968 1857 1801 1837 2030 2052 1835 1823 1988 1985 1906 1748 1988 1699 1981 2119 1598 1920 1570 2081 1867 1756 1838 2197 2025 2028 1791 1927 2013 1674 1933 1709 2187 1860 2122 1867 1919 2011 1924 1868 1765 1762 2017 1609 1983 1739 1751 1522 1848 2075 1882 1726 1984 1797 2007 2129 1774 1743 2097 1822 1777 1702 1790 1897 1914 1925 1835 1918 1889 2024 2001 1906 1950 1868 1956 1976 1622 1643 1792 1898 1771 1942 1866 1840 2078 1850 1991 1652 1829 2103 1474 1993 1860 1668 2020 1854 1938 1977 1843 
1862 1869 1882 1864 1873 2182 2240 1960 1938 2004 2163 2044 1939 2251 2049 2224 2179 1773 2096 2098 2305 2154 1757 1953 2379 2289 2301 1873 1990 2180 1739 2254 1851 2191 2043 2251 2055 2054 2144 2188 1856 2271 1948 2256 1977 2243 2250 1880 1876 1907 2225 1952 1831 2213 2198 2161 2396 2027 1709 2106 1917 1720 2095 2064 1952 2183 2051 2080 1907 1890 2140 1965 2203 1925 2110 2210 2258 1864 1992 1842 2087 2036 2184 1900 2121 2077 1783 2021 1755 2160 2349 1916 2148 2008 1909 2046 2013 2022 2053 2023 
1720 2157 1936 1989 2157 2241 2221 1960 2021 2076 2123 2130 2017 2337 1859 2208 2330 1799 2022 1991 2341 2216 1794 2104 2465 2132 2317 1918 2071 2185 1743 2351 2036 2246 1965 2419 2255 2134 2122 2098 1926 2146 1955 2234 1873 2286 2166 2012 2031 1971 2215 2072 2039 2253 2060 2029 2302 2162 1867 2216 2156 2110 2239 2095 2000 2307 2088 1993 2173 1973 2184 1914 2097 2119 2252 2118 2109 1858 1861 1979 2104 2020 2011 1879 2014 2161 1922 2041 1977 2176 2180 1954 2127 1939 2026 2292 2031 2149 2221 2096 
1762 2208 2084 1923 2172 2298 2486 1966 2030 2356 2244 2137 2071 2280 2074 2285 2356 1847 2192 1953 2318 2076 1987 2086 2575 2216 2262 2080 2062 2177 1819 2263 2151 2323 2163 2569 2341 2270 2429 2220 2077 2247 1941 2283 1785 2511 2248 2128 2123 2258 2414 2217 2345 2373 2161 2248 2323 2306 2072 2346 2181 2117 2040 2099 2088 2354 2195 2136 2030 2086 2434 2153 2168 2197 2230 2187 2261 1917 2028 1933 2219 2184 2074 1981 2295 2314 1920 2183 1837 2275 2312 1792 2191 2111 1945 2447 2247 2279 2247 1931 
1826 1869 1799 1819 1934 2096 2294 1778 1819 1982 2121 1997 1940 2092 1915 2154 2128 1701 2181 1821 2142 1981 1734 2050 2368 2185 2186 1851 1954 2204 1648 2197 1909 2073 1824 2104 2100 2159 2080 2204 1783 2011 1840 1964 1864 2222 1870 1783 1902 1813 2104 1891 1880 2140 1987 2027 2197 2117 1703 2179 1968 1957 2060 2119 1970 2102 2086 1938 1975 2000 2025 1948 2115 2212 1967 2035 2244 1723 1860 1817 2032 2045 2114 1816 1985 2169 1891 1908 1887 2143 2203 1776 2085 1862 1784 2149 2033 2109 1963 1929 
1651 2207 1894 1911 2001 2133 2320 1930 1915 1994 2254 2154 1909 2257 2110 2345 2287 1704 2063 1917 2192 2164 1809 2158 2539 2174 2288 1863 1876 2126 1752 2281 1955 2280 2076 2330 2119 2287 2088 2151 1955 2200 2080 2247 1908 2291 2118 1944 1892 2100 2203 2007 1869 2214 2081 2112 2185 2350 1683 2334 1931 1849 2165 2042 2063 2219 2206 2007 1962 2028 2025 1893 2172 2226 2214 2236 2209 1867 1957 1954 2115 2075 2041 2087 2258 2330 1822 1984 1980 2347 2217 1627 2313 2015 1948 2145 2114 2183 2059 2182 
1624 2044 1943 1892 1964 2201 2258 1770 1800 2102 2112 1975 1832 2290 2125 2160 2236 1876 1939 1914 2337 2229 1761 1958 2338 2061 2211 1814 2058 1919 1713 2137 1838 2287 1927 2405 2051 2045 2190 1861 1736 2039 2046 2225 1929 2215 2201 1779 2016 1979 2247 2004 1928 2177 2141 2093 2130 2216 1756 2157 1901 1948 2205 1977 2108 1956 2080 1847 1855 1873 2043 2194 2164 1965 2289 2170 2275 1780 1935 1905 2189 1882 2050 1970 2163 2194 1823 2026 1884 2142 2252 1881 2190 1971 1620 2176 1936 2074 2007 2105 
1645 1864 1653 1647 1865 1948 2087 1695 1832 1819 1864 1693 1805 2192 1583 1981 2049 1578 1870 1814 1962 1840 1445 1812 2147 1903 1960 1704 1870 1925 1662 2231 1704 1986 1776 1900 1928 1907 1771 1895 1560 1840 1721 2065 1599 1915 1768 1584 1740 1754 1796 1658 1550 1938 1789 1911 1999 1756 1585 1841 1731 1780 1800 1820 1868 1966 1926 1606 1992 1815 1869 1803 1852 1759 1906 1814 2079 1615 1723 1875 1823 1671 1845 1726 1813 1806 1507 1781 1545 1996 1839 1591 1888 1712 1684 1836 1792 1747 1800 1793 
1613 1957 1753 1741 1949 2076 2142 1891 1928 1897 2096 1855 1816 2124 1782 1960 2045 1676 1741 1821 2180 1784 1659 1829 2287 2108 2003 1763 1717 1944 1662 2044 1753 1980 2048 2228 1960 2047 1982 1901 1658 1832 1814 2076 1625 2065 1945 1952 1865 1833 2178 1948 1752 2090 1878 2057 2263 1830 1668 1934 1881 1736 1942 1798 1767 2018 1907 2027 2002 1748 2068 1963 1875 1816 2057 1847 1972 1657 1715 1839 2017 1867 1976 1848 1895 2174 1654 1959 1646 2100 1883 1687 2076 1792 1725 1884 2007 1968 2015 1903 
2013 2236 1985 1976 2154 2232 2419 2111 2021 2164 2181 2108 2065 2298 2012 2248 2192 1820 2153 1775 2278 2143 1867 2023 2371 2158 2381 1955 2051 2191 1719 2255 2076 2256 2108 2294 2107 2251 2261 2193 2107 2020 2071 2252 1849 2387 2185 2006 1947 2096 2322 2069 1795 2232 2059 2154 2294 2248 1771 2238 2098 1934 2216 2020 2121 2241 2219 1948 2003 1981 2123 2090 2099 2152 2214 2197 2194 1970 2022 2033 2233 1934 2207 2245 2212 2357 1936 2006 1907 2308 2483 1975 2233 2013 1783 2317 2065 2180 2003 2209 
2039 2166 1793 1883 2081 2311 2640 2073 2191 2097 2067 2115 2007 2430 1950 2317 2315 1934 2126 1878 2361 2193 1956 2031 2473 2412 2122 1928 2161 2272 1822 2438 2013 2407 2059 2387 2105 2371 2242 2078 1981 2062 2080 2345 1976 2165 2148 2048 2031 1970 2312 2030 1873 2416 2188 2279 2253 2119 1852 2393 2152 1869 2141 2146 2205 2178 2153 2069 2030 1857 2321 2079 2126 2204 2166 2010 2252 2011 2088 2008 2071 1981 2198 2188 2059 2255 2021 2244 1818 2378 2364 2044 2175 1890 1997 2429 2063 2145 2209 2215 
1976 1940 2083 1915 2076 2243 2261 2005 1910 2330 2325 2088 1943 2308 1893 2274 2201 1830 2157 1959 2161 2115 1793 2024 2478 2229 2383 1900 2040 2164 1830 2180 1944 2197 2041 2371 2203 1996 2293 2226 2002 2058 1710 2255 1830 2369 2136 1979 1911 2187 2251 1858 1805 2277 2070 2205 2292 2199 1865 2304 1987 1901 2105 2147 2253 2086 2003 2033 1899 1998 2047 1969 2073 1918 2263 2063 2048 1794 1952 2045 2267 1956 2114 1851 2240 2108 1908 1828 1839 2091 2190 1671 2230 2040 1745 2347 1943 1973 2056 2161 
1776 1986 1965 1674 2065 2145 2236 2078 1923 1746 2155 1988 1812 2249 1984 2014 2335 1717 2137 1693 2059 2164 1855 2154 2434 2060 2365 1774 1995 2221 1655 2253 1962 2310 2002 2080 2242 2115 2226 2117 1887 2034 1910 2106 1822 2254 2167 1842 1796 1904 2034 1800 1936 2073 2004 1940 2197 2106 1767 2180 2074 1884 2147 1973 2263 2122 1991 1955 1903 1943 2049 2144 2022 1961 2053 2056 2140 1867 1826 1747 2095 1935 2053 1758 1933 2063 1822 2046 1775 2150 2271 1919 2020 1830 1759 2100 1984 2072 1945 2050 
1820 2104 1948 1956 1953 2152 2290 1962 1907 1985 2194 2102 2002 2247 1946 2110 2365 1799 2181 1906 2187 2065 1707 2027 2520 2112 2253 1964 1838 2241 1720 2277 2171 2232 2128 2337 2318 2093 2133 2179 1770 2087 1803 2202 1894 2358 2074 2082 1906 2088 2099 1936 1979 2216 1985 2044 2199 2260 1794 2354 1981 1853 2093 1996 1990 2348 2231 2151 2001 2049 2153 1984 1986 2153 2147 2068 2195 1768 1875 1834 2126 1853 2048 2000 2038 2215 1788 2172 1918 2220 2093 1764 2117 1799 1892 1943 2056 2007 2098 1971 
1839 2123 1867 1797 2157 2178 2244 1914 1850 2117 2049 1886 1681 2064 1876 2050 2282 1877 1841 1878 2056 2037 1760 2047 2318 2094 2132 1774 2011 1846 1683 2236 2060 2184 1911 2310 2104 1949 2315 1918 1944 2029 1869 2197 1727 2278 2112 1891 1880 1945 2146 1851 1939 2231 1969 2153 2234 2090 1693 2271 1965 1988 1873 1876 2048 1952 1952 1803 1927 1932 2051 2132 2084 1912 2236 2050 2145 1774 1745 1885 2122 1874 2107 1814 1922 2230 1803 2101 1694 2109 2069 1867 1995 1960 1651 2191 1959 2078 1999 1875 
1663 1818 1809 1699 1866 1952 2089 1745 1822 2098 1980 1843 1868 2108 1876 1913 2031 1748 1844 1819 2018 1981 1724 1733 2217 2030 1970 1766 1677 1919 1554 2023 1974 2032 1836 2149 1895 1957 2048 1905 1842 1893 1552 2061 1667 2081 1857 1756 1793 1935 1951 1853 1790 2080 1837 2023 2056 2038 1727 1974 1836 1735 1985 1767 1850 2048 2007 1904 1823 1768 1905 1807 1942 1817 2123 1964 1852 1797 1780 1707 1882 1763 1767 1820 1944 1967 1716 2016 1587 2028 1977 1705 1990 1773 1778 2108 1907 1765 2016 1883 
1646 1634 1583 1559 1736 1749 1983 1693 1704 1928 1756 1830 1697 1832 1687 1732 1898 1392 1776 1586 1874 1734 1594 1909 2033 2002 1780 1623 1597 1856 1502 2037 1709 1829 1803 1922 1693 1945 2029 1902 1684 1682 1524 1833 1802 1769 1811 1630 1530 1569 1844 1921 1546 1831 1775 1704 1946 1807 1509 1967 1827 1594 1758 1757 1665 1888 1863 1782 1682 1523 1912 1714 1732 1791 1843 1768 1777 1650 1538 1557 1972 1709 1833 1598 1842 1810 1585 1692 1608 1825 1859 1616 1872 1764 1541 1822 1803 1892 1875 1699 
1738 1882 1785 1782 2012 2130 2165 1973 1903 1864 2041 1942 2038 2120 1919 2044 2055 1836 2029 1879 2053 1879 1654 1904 2193 1984 2106 1822 1739 2002 1710 2182 1783 2007 2019 2404 2008 2050 2156 2057 1937 2185 1745 2021 1731 2118 2077 1890 1784 2108 2066 1872 1810 2212 2018 2159 2251 2021 1877 2102 2007 1831 2016 1932 2015 2074 2237 1851 1882 1752 2072 2067 2004 1859 2035 1971 2126 1887 1865 1801 2120 1939 2032 1682 2070 2029 1666 1945 1765 2223 2171 1680 2116 1738 1869 2089 1973 1944 2035 1953 
1729 1896 1747 1777 1905 1985 1975 1853 1651 1878 2017 1962 1775 2070 1752 1926 1907 1812 1853 1711 1992 1975 1662 1818 2328 1985 2012 1856 1761 2106 1501 1876 1639 2055 1716 2267 1997 1889 1991 2134 1723 1949 1675 2043 1566 2170 2019 1893 1768 1860 2153 1866 1662 2064 1769 2000 1981 2004 1838 2039 1803 1819 1953 1834 1949 1826 1969 1677 1915 1733 1961 1970 1852 1855 2030 1891 1900 1730 1701 1647 1900 1719 1956 1818 1769 2104 1662 1906 1769 1947 2081 1784 2099 1775 1718 2009 1875 1760 1895 1799 
1995 2265 2179 2080 2390 2523 2772 2269 2321 2284 2274 2272 2076 2654 2228 2471 2569 1941 2333 2148 2331 2619 1976 2354 2691 2426 2492 2099 2230 2422 1932 2705 2268 2618 2318 2523 2399 2451 2533 2216 2322 2455 2208 2569 2153 2568 2481 2207 2165 2251 2447 2109 2282 2401 2399 2487 2459 2319 1986 2506 2204 1976 2477 2211 2275 2448 2310 2248 2258 2149 2359 2274 2540 2435 2445 2384 2375 2122 2173 2186 2544 2109 2275 2268 2363 2269 2069 2447 2063 2298 2565 2094 2315 2188 2087 2569 2316 2511 2413 2222 
2114 2315 2167 2077 2201 2362 2388 1952 2009 2312 2219 2223 1995 2456 2132 2230 2284 1934 2256 2030 2554 2273 1947 2047 2506 2578 2271 2008 2046 2177 2033 2245 2056 2228 2228 2504 2209 2314 2207 2251 2078 2238 2096 2304 1981 2556 2217 2074 2042 2059 2454 2229 1878 2192 2114 2301 2345 2201 1895 2248 2196 2136 2146 2184 2273 2176 2406 2143 2104 2028 2270 2321 2186 2151 2419 2161 2338 1976 2003 2144 2336 1964 2232 2215 2182 2390 2000 2239 1847 2345 2332 1997 2264 2163 1797 2223 2258 2226 2125 2073 
1557 1825 1669 1527 1718 1936 2076 1872 1811 1638 1941 1760 1733 2099 1756 1880 1949 1493 1724 1459 1839 1935 1517 1728 1990 1927 1990 1744 1789 2089 1537 2003 1643 2055 1799 1803 1881 1969 2023 1720 1699 1745 1725 1900 1511 1981 1807 1646 1723 1725 1794 1741 1747 1767 1809 1746 2006 1714 1717 1805 1768 1739 1805 1662 1851 1899 1803 1681 1788 1690 1835 1784 1814 1671 1694 1760 1847 1620 1630 1577 1760 1698 1799 1692 1733 1850 1447 1744 1503 1717 1985 1756 1816 1626 1507 1720 1635 1847 1833 1755 
1798 1995 1759 1723 1958 2093 2223 1910 1952 1873 1944 1834 1900 2258 1914 2031 2134 1574 2010 1779 2099 2005 1783 1933 2234 2059 2196 1632 1949 2167 1683 2143 1926 2068 1956 2053 1954 1956 2101 1994 1789 1867 1913 2094 1756 2159 2066 1839 1827 2009 1972 1867 1784 2040 1952 1978 2156 1964 1792 2062 2007 1744 2000 1824 2005 2159 2040 1935 1999 1834 1975 1945 1958 2106 1980 1944 2033 1677 1680 1949 2072 1796 1898 1813 2080 1907 1681 2024 1789 2043 2208 1779 2156 1860 1802 1959 1909 1978 1983 1939 
1915 2115 1976 1751 1956 2093 2275 1770 1960 1977 1950 2071 1656 2092 1756 2073 2241 1557 1921 1752 2144 1948 1649 1885 2306 2172 2036 1828 1777 2127 1685 2202 1869 2147 1895 2110 2002 2045 2090 1900 1868 2004 1891 1961 1739 2083 1971 1802 1764 1886 2157 1740 1711 2054 2101 1902 2221 2098 1498 2152 1955 1707 1974 1978 1778 2010 2006 1896 1899 1776 2018 1969 1954 1923 1932 1934 2080 1775 1772 1812 2063 1945 2057 1969 2040 1969 1778 1950 1819 1978 2188 1857 1923 1785 1644 2109 2045 1963 1887 1867 
1697 1981 1646 1779 2012 2098 2207 1965 1970 1839 1975 1843 1852 2381 1975 2146 2036 1752 1939 1828 2228 2065 1700 1896 2353 2173 1973 1907 2013 1999 1669 2141 1796 2211 1862 2186 2006 2054 2048 2062 1695 2061 1844 2108 1680 2170 2010 1836 1902 1806 1985 1930 1859 2103 1939 2096 2130 1838 1795 2115 2055 1877 2007 1971 2120 2017 2189 1819 2000 1772 2123 1970 2048 1981 1926 2047 2142 1807 1799 1991 1967 1793 1975 2007 1989 2031 1689 1970 1715 2219 2220 1762 2197 1913 1803 2146 1984 2093 1934 1847 
1904 1997 1994 2096 1956 2214 2401 2070 2046 2163 2253 2246 2060 2413 2163 2283 2266 2055 2056 2030 2156 2183 1860 1923 2503 2044 2326 2136 2019 2227 1929 2324 2026 2342 1909 2623 2339 2200 2310 2106 2025 2385 2004 2187 1813 2473 2334 1967 2019 2196 2452 2239 2186 2398 2048 2237 2284 2148 2155 2131 2041 2003 2066 2106 2112 2177 2288 1969 2086 1919 2238 2099 2098 2049 2156 2272 2227 1950 2019 1894 2180 2071 2071 1964 2324 2239 1709 2074 1962 2316 2236 1882 2264 2058 1965 2144 2223 2262 2344 2080 
1734 2063 1978 1845 2035 2125 2136 1827 1978 2186 2155 2018 1919 2164 2012 2130 2233 1854 2197 1894 2145 2302 1948 2092 2485 2325 2333 1768 1932 2151 1708 2257 1976 2262 2028 2203 2088 2171 2311 2070 1847 2000 1914 2057 1805 2354 2160 1800 1949 1910 2046 1965 1929 2210 2074 2089 2254 2227 1769 2291 2044 1991 2085 2096 2079 2051 2074 2055 1918 1978 2059 2087 2228 2023 2227 2068 2224 1964 1854 1804 2214 2077 2136 1908 2185 2127 1811 2146 1840 2321 2283 1872 2305 1984 1828 2301 2020 2137 2104 1795 
1743 2128 1906 1890 1896 2124 2165 1897 1916 2018 2080 1875 1901 2180 1995 2121 2144 1644 1999 1935 2136 2155 1786 1915 2266 2075 2359 1814 2063 2030 1756 2280 1859 2155 1977 2201 1976 1973 2186 2027 1873 1872 2034 2270 1748 2242 2239 1781 1874 2014 2071 1884 1980 2250 1958 2225 2300 2112 1838 2097 1999 1770 2235 2056 2003 2063 2127 1901 1899 1929 2002 2008 2071 2140 2049 2062 2053 1749 1814 1968 2147 1892 1990 1972 2149 2068 1837 2066 1914 2278 2410 1711 2189 1826 1793 2268 1908 2135 2046 2017 
1771 2119 1971 2039 1962 2390 2171 2049 1891 2188 2068 1981 1798 2287 1936 2117 2393 1780 1981 2000 2183 2363 1891 2020 2459 2217 2219 1897 2046 2170 1724 2147 1804 2217 1994 2318 2177 2095 2203 2045 1991 2065 1828 2242 1889 2360 2168 1837 1840 2025 2288 1895 1871 2174 1859 2115 2312 2183 1881 2259 2215 2049 2086 2124 2148 2162 2127 1945 2024 2053 2188 2078 2133 1973 2127 2090 2229 1780 1774 1939 2239 1778 2075 1738 1875 2173 1819 2015 1928 2026 2334 1872 2120 1840 2016 2206 2146 2083 2079 1924 
2012 2137 2124 2039 2165 2322 2551 2210 2142 2373 2278 2262 2126 2686 2187 2374 2330 1755 2253 1965 2373 2402 1970 2079 2665 2320 2518 2061 2238 2243 2017 2444 2153 2271 2160 2381 2310 2354 2440 2250 2150 2238 2056 2251 2042 2478 2295 1977 2143 2171 2333 2120 2141 2280 2100 2261 2381 2214 2087 2338 2169 2148 2221 2279 2243 2441 2259 2212 2160 2145 2338 2301 2207 2139 2291 2246 2241 1976 2127 2269 2397 2097 2190 2206 2189 2264 2011 2195 1853 2281 2337 1964 2169 2009 1782 2327 2091 2253 2299 2222 
1474 1766 1646 1556 1596 1832 1970 1564 1780 1567 1752 1684 1731 2026 1718 1834 1938 1353 1838 1534 1863 1791 1392 1603 2078 1760 1806 1500 1564 1751 1486 1787 1574 1748 1723 1812 1694 1791 1497 1739 1552 1716 1651 1666 1500 1713 1756 1537 1628 1774 1835 1641 1510 1831 1738 1785 1991 1742 1501 1820 1688 1523 1978 1683 1713 1770 1879 1584 1756 1644 1723 1746 1726 1717 1706 1710 1795 1608 1649 1678 1911 1687 1702 1648 1849 1799 1520 1755 1575 1820 1888 1680 1873 1601 1663 1842 1698 1768 1732 1748 
1753 2269 2030 2069 2201 2354 2447 2092 2195 2218 2282 2098 2109 2530 2103 2397 2467 1855 2300 2037 2347 2177 1897 2267 2552 2449 2513 2011 2222 2384 1829 2519 2113 2342 2147 2384 2274 2451 2356 2160 2037 2178 2069 2523 1984 2539 2324 1990 2136 2176 2287 2077 2018 2350 2191 2421 2357 2334 1995 2320 2237 2014 2486 2144 2314 2205 2353 2013 2188 2181 2297 2152 2350 2133 2411 2169 2253 2041 2044 2027 2316 2074 2251 2141 2357 2305 1907 2228 2089 2320 2471 1934 2402 2125 2023 2414 2191 2264 2263 2159 
1681 1976 1918 1822 1836 2072 2311 1783 2040 1865 1899 1963 1816 2000 1750 2107 2073 1649 2038 1759 1914 1847 1714 1938 2145 1932 2088 1733 1911 2068 1739 2295 1936 2093 1757 2219 2087 1988 2037 1982 1876 2075 1828 2183 1601 2060 1957 1715 1871 1945 1872 1860 2076 2033 1972 1891 2114 1981 1741 2175 1905 1770 1945 1767 1939 2076 2108 1820 1912 1862 1935 1878 2071 2063 1913 1975 2055 1777 1749 1796 1988 1955 2005 1774 2001 2048 1780 1972 1836 2065 2123 1604 1997 1849 1746 1988 1918 1974 1914 1856 
1652 1956 1896 1714 1890 2040 2195 1717 2001 1984 2149 1974 1868 2108 1941 2230 2163 1595 2045 1810 1999 1997 1743 1879 2238 2272 2159 1711 1853 2099 1764 2281 1915 2285 2119 2224 1919 2059 2080 1976 1811 1914 1945 2020 1762 2199 2010 1646 1737 1966 1950 1961 1810 1967 2182 1938 2124 1979 1622 2235 1811 1745 1830 1937 1890 2026 2104 1908 1883 1889 1941 1859 2058 1906 2154 2001 2207 1688 1924 1825 1985 1951 1898 1903 2045 1981 1610 2004 1728 2080 1831 1678 2178 1948 1785 1963 1971 1985 2135 1814 
1878 2181 2149 1876 2168 2368 2301 2079 2113 2295 2239 2222 2050 2590 1959 2316 2202 2014 2169 2135 2329 2256 1948 1927 2542 2363 2334 2004 2169 2313 1830 2424 1958 2263 2250 2460 2126 2343 2441 2179 1968 2243 2007 2279 2019 2178 2296 2138 2098 2110 2253 2184 1853 2251 2263 2207 2482 2167 1871 2275 2181 1988 2276 2052 2185 2377 2381 2151 1996 1899 2234 2252 2306 2059 2377 2157 2363 2122 1951 2117 2277 2068 2139 2107 2279 2240 1785 2196 1931 2141 2181 1982 2327 1937 1907 2360 2121 2254 2353 2194 
1572 2050 1756 1794 2036 2120 2228 1738 2059 2105 2068 1933 1948 2130 1826 2161 2261 1683 2103 1810 2172 2036 1784 1891 2386 2067 2253 1870 1981 2073 1649 2327 1842 2193 1901 2344 2096 2105 2161 1930 1776 1928 2028 2191 1737 2135 1991 1729 1957 1884 2022 1920 1921 2176 2003 1918 2252 2131 1650 2031 2037 1851 1988 1869 1956 2011 1940 1838 2017 1881 2026 2030 2048 1987 2014 2136 2131 1838 1573 1985 2129 1904 2038 1879 2058 2095 1613 2009 1804 2100 1972 1777 2070 1889 1780 2212 1946 2149 1979 1894 
1775 1998 1916 1762 2087 2001 2112 1893 1930 2021 1969 1968 1770 2206 1827 2146 2079 1843 1974 1676 2087 1960 1592 1942 2266 2130 2196 1760 1980 2114 1728 2232 1778 2221 1969 2147 2008 2120 2183 2019 1751 1846 1843 2088 1779 2202 1862 1862 1828 1971 2160 1759 1624 1960 1974 2002 2157 1988 1779 2139 1766 1909 2059 1842 1979 2036 1929 1991 1906 1795 1903 1958 2032 2021 2168 1994 1920 1646 1836 1824 2020 1872 2019 1896 1919 2130 1816 2040 1878 2138 2106 1632 2039 1833 1494 2278 1812 2054 1986 1863 
1838 2126 1815 1744 1988 2059 2184 1933 1994 1969 2168 2044 1802 2231 1936 2154 2271 1569 1984 2035 2374 2143 1653 2120 2404 2152 2160 1983 1977 2091 1670 2242 1898 2283 2068 2147 2032 2070 2214 2144 1799 1985 1852 2266 1902 2199 2108 2004 1717 1839 2158 2150 1783 2228 2045 2092 2311 2173 1617 2252 2090 1866 1977 2068 1958 2082 2143 1978 1996 1904 2134 2028 2197 1968 2122 2070 2207 1857 1854 1894 2085 1849 2056 2004 2060 2105 1961 2092 1835 2132 2433 1903 2105 1983 1833 2107 2036 2182 2011 2039 
1787 1889 2067 1998 2109 2076 2318 1996 1967 2162 2085 2170 1929 2552 1973 2053 2400 1718 2028 1943 2221 2165 1737 2021 2528 2358 2167 1863 1932 2233 1901 2274 2029 2239 1909 2333 2083 2157 2387 2062 2011 2097 1883 2260 1798 2242 2092 1960 1846 2058 2106 2102 2067 2211 1918 2195 2196 2096 1998 2127 2054 1943 2081 1962 2014 2121 1988 1985 2184 1813 2248 2314 2015 2104 2271 2222 2055 1899 1846 1957 2235 1936 2059 1955 2149 2099 1688 2269 1964 2143 1951 1867 2245 1967 1885 2328 2107 2236 2146 2047 
1739 2165 1910 1844 1962 2132 2295 1728 1876 1870 1984 1971 1818 2044 1905 2186 2337 1695 2070 1591 2049 2226 1663 1957 2242 2092 2213 1845 1886 1997 1691 2195 1903 2304 1936 1987 2107 2118 1998 1939 1874 1902 1993 2086 1682 2268 1961 1673 1922 1792 2076 1799 1980 2045 1958 1959 2057 2059 1611 2056 1911 1796 2043 2039 1931 1950 1988 1830 1870 1913 2042 1923 2082 1916 2001 1913 2253 1709 1832 1850 1939 2028 2151 1962 2053 1989 1833 1911 1699 2112 2258 1892 2025 1801 1698 2105 1923 2046 2015 1904 
1724 2112 1872 1776 2043 2144 2393 2189 2188 1745 2096 2042 1874 2422 2044 2184 2207 1720 2078 1949 2274 2256 1656 2016 2333 2189 2265 1879 1988 2182 1719 2471 2008 2402 2155 2275 2060 2126 2263 2058 1997 2158 2145 2248 1773 2250 2145 1985 1671 2138 2077 1947 1822 2130 2007 2152 2402 2002 1767 2319 2038 1863 2029 1835 2137 2172 2282 1936 1942 1786 2205 1976 2191 2099 2082 2296 2046 1967 1886 1864 2222 1956 2099 1969 2087 1999 1689 2116 1791 2302 2286 1835 2285 2080 1886 2179 1823 2179 2041 2014 
1739 2213 2160 2012 2088 2297 2336 2032 1970 2104 2230 2076 1892 2337 2006 2269 2286 1900 2119 1890 2223 2167 1824 2198 2458 2234 2348 1920 2151 2228 1630 2295 1792 2358 2107 2150 2163 2272 2265 2110 1876 2199 1811 2279 1893 2297 2327 1953 2126 1995 2204 1909 1880 2138 2183 2177 2324 2326 1792 2276 1940 2017 2247 2059 2246 2206 2145 1793 1929 2164 2138 2225 2305 2081 2312 2043 2353 1963 2120 1929 2192 1860 2127 1943 2065 2285 2041 1967 1994 2063 2456 1907 2190 2066 1756 2418 1991 2103 2077 2175 
1851 2010 1890 1730 1978 1907 2159 1851 1910 1860 2043 1944 1945 2090 1884 2011 2102 1732 1904 1690 2042 2020 1615 1885 2397 1980 2115 1802 1705 1934 1614 2025 1939 2101 1842 2298 1969 1957 1917 2022 1886 1898 1865 1933 1678 2137 1979 1860 1884 1917 2039 1852 1833 2035 1887 2020 2192 2035 1621 2084 1901 1830 2044 1872 2007 1977 2042 1835 1923 1900 1932 1910 1896 1880 1998 1951 2023 1625 1824 1906 2015 1922 1940 1944 1830 2099 1707 1832 1611 2173 2002 1662 2053 1780 1680 1974 1862 1945 2022 1956 
1868 2273 1955 2015 2169 2207 2285 2035 1986 2154 2347 2113 2005 2392 1994 2228 2420 1820 2313 2019 2394 2284 1986 2093 2609 2326 2351 1878 2018 2305 1846 2419 2061 2293 2199 2483 2185 2242 2273 2269 2007 2120 2139 2313 1900 2414 2266 1965 1966 2144 2230 2057 1943 2289 2162 2199 2238 2163 1962 2351 1999 1893 2087 2070 2119 2339 2252 2021 2096 2007 2319 2070 2024 2208 2291 2306 2235 1881 1888 1978 2238 2092 2199 2045 2212 2241 1807 2156 2015 2351 2186 1895 2326 1982 1985 2096 2038 2314 2252 2010 
1635 1644 1627 1763 1810 1999 1956 1858 1653 1736 1805 1894 1687 2049 1911 1932 2000 1745 1972 1990 2015 1956 1523 1913 2022 1955 1972 1788 1836 1843 1544 2010 1655 1938 1852 2036 1965 1865 1906 1830 1707 2035 1668 1989 1868 2049 1834 1676 1649 1825 1955 1834 1589 2039 1797 2127 1880 1778 1602 2026 1725 1676 1982 1911 1935 1885 1998 1781 1703 1652 1832 1823 1900 1837 2051 1879 1899 1715 1764 1815 1895 1564 1961 1856 2002 1954 1757 1831 1561 1873 1977 1585 2071 1821 1721 2021 1882 1938 1921 1850 
1705 2001 1948 1841 1906 2204 2018 1984 1938 1928 2073 1967 1771 2008 1800 2133 2248 1746 1873 1832 1985 2026 1711 2036 2302 2068 2199 1840 1991 2012 1665 2133 1930 2186 2010 2199 2033 2035 2014 1945 1895 1966 1883 2201 1721 2164 1947 1802 1840 1942 2142 1857 1687 1969 1938 2031 2283 1911 1544 2073 1867 1713 1963 1887 1985 1923 2021 1832 1869 1937 1827 2039 2115 1851 2050 2011 2137 1621 1782 1944 2031 1697 2058 1859 1834 2048 1778 1984 1834 1828 2059 1739 1986 1909 1746 1950 1974 2064 1938 2057 
1857 2190 2035 2002 2089 2195 2287 1932 1962 2162 2177 2005 2015 2201 2113 2183 2445 1802 2192 1869 2205 2274 1767 2140 2511 2290 2256 1909 1935 2275 1618 2212 2000 2280 2191 2454 2184 2241 2285 2274 2039 2193 1901 2262 1933 2422 2123 1961 2010 2020 2323 2187 1909 2151 2033 2096 2218 2297 1898 2400 2052 2035 2215 1979 2068 2271 2261 2081 1961 2012 2227 1977 2216 2034 2251 2214 2171 1886 1971 1915 2237 2018 2174 2037 2131 2232 1890 2086 2024 2169 2262 1884 2228 1982 1908 2008 1989 2168 2126 2084 
1697 1962 1967 1755 1993 2055 2160 1986 2035 1943 2203 2123 1963 2312 1967 2167 2112 1768 1990 1858 2117 1906 1696 2011 2497 2142 2167 2023 1942 2179 1624 2282 1953 2292 1865 2240 2051 2114 2217 2091 1796 2162 1827 2143 1799 2304 2095 1906 1932 1950 2082 1866 1775 2112 2033 2132 2202 2013 1750 2103 1886 1890 2179 1963 2021 2059 2149 1906 1854 1833 2060 2139 2228 1910 2172 2088 2108 2003 1911 1782 2119 2047 2036 2028 2093 2190 1651 1952 1834 2178 2264 1795 2271 1887 1737 2108 1972 1994 2043 1947 
1619 1973 1797 1878 1866 2168 2115 1777 1995 2028 2148 1928 2028 2167 1987 2094 2160 1639 2040 1971 2278 2048 1572 2012 2289 2056 2224 1815 1850 2008 1557 2189 1811 2067 2046 2277 2126 1939 1959 1980 1735 2036 1793 2130 1914 2199 1996 1819 1929 1863 2198 1893 1777 2134 2035 2100 2159 2038 1823 2089 2022 1793 2157 2097 1953 2156 2081 1982 1916 1882 2024 1915 2059 1830 2117 1910 2102 1805 1866 1854 2133 1809 1989 1801 2167 1951 1741 1885 1723 2090 2252 1819 2130 1877 1847 1971 2026 1970 2152 1856 
1880 2006 1943 1893 2081 2021 2427 2011 2075 2004 2023 2083 1970 2238 1947 2167 2194 1698 2207 1926 2188 2157 1718 2108 2336 2378 2109 1914 1965 2068 1656 2257 1996 2248 2019 2374 2080 2202 2265 2132 2000 2139 1931 2217 1885 2296 2089 2030 1923 1941 2202 1994 1896 2091 2034 2084 2251 2200 1681 2185 2119 1916 2138 1998 2169 2111 2220 2063 1886 1763 2171 2012 2207 1996 2116 1987 2216 1949 1944 2100 2192 1908 2091 1907 2092 2178 1915 2041 1909 2090 2324 1823 1990 1944 1667 2239 1964 2078 2024 1950 
1575 1886 1725 1808 1932 1991 2159 1840 1876 1989 2147 1845 1890 2263 1800 2054 2123 1647 1984 1780 2078 2106 1711 1840 2276 2081 2087 1811 1824 2221 1604 2162 1842 2108 1849 2245 2057 2043 2133 2000 1720 2051 1722 2176 1699 2147 1999 1881 1892 2009 2075 1722 1907 1985 1967 1980 2135 2083 1788 2116 1856 1850 1963 1673 1939 2160 1985 1954 2186 1809 2053 1923 2112 1949 2011 2036 2098 1706 1654 1728 1977 2029 1937 1720 1931 1930 1602 1988 1846 2052 2059 1719 2028 1789 1874 1935 1993 1952 2026 1908 
1724 2064 1879 1544 1820 2069 2256 1884 2067 1832 1940 1921 1736 2245 2001 2085 2227 1616 2007 1857 2047 2067 1663 1904 2386 2015 2208 1870 1815 2004 1647 2330 1913 2068 2075 2164 1971 2009 1997 2094 1889 2108 1998 2106 1822 2091 1998 1866 1793 1992 1901 1844 1831 1955 1903 2032 2032 1861 1841 2163 1857 1634 1967 1871 1995 2125 2151 2029 1831 1784 2012 1870 2018 1954 2140 2032 1980 1588 1816 1858 2004 1764 1902 1941 2064 1781 1785 2128 1770 2055 2005 1836 2133 1881 1718 2009 1930 2107 1985 1897 
